1534788000,2018-08-20 18:00:00,Pink_Panther,Miller's_Sound,5
1534788300,2018-08-20 18:05:00,Pink_Panther,Miller's_Sound,6
1534788600,2018-08-20 18:10:00,Pink_Panther,Miller's_Sound,6
1534788900,2018-08-20 18:15:00,Pink_Panther,Miller's_Sound,10
1534789200,2018-08-20 18:20:00,Pink_Panther,Miller's_Sound,10
1534789500,2018-08-20 18:25:00,Pink_Panther,Miller's_Sound,10
1534789800,2018-08-20 18:30:00,Pink_Panther,Miller's_Sound,16
1534790100,2018-08-20 18:35:00,Pink_Panther,Miller's_Sound,21
1534790400,2018-08-20 18:40:00,Pink_Panther,Miller's_Sound,26
1534790700,2018-08-20 18:45:00,Pink_Panther,Miller's_Sound,26
1534791000,2018-08-20 18:50:00,Pink_Panther,Miller's_Sound,28
1534791300,2018-08-20 18:55:00,Pink_Panther,Miller's_Sound,28
1534791600,2018-08-20 19:00:00,Pink_Panther,Miller's_Sound,32
1534791900,2018-08-20 19:05:00,Pink_Panther,Miller's_Sound,32
1534792200,2018-08-20 19:10:00,Pink_Panther,Miller's_Sound,34
1534792500,2018-08-20 19:15:00,Pink_Panther,Miller's_Sound,38
1534792800,2018-08-20 19:20:00,Pink_Panther,Miller's_Sound,39
1534793100,2018-08-20 19:25:00,Pink_Panther,Miller's_Sound,41
1534793400,2018-08-20 19:30:00,Pink_Panther,Miller's_Sound,45
1534793700,2018-08-20 19:35:00,Pink_Panther,Miller's_Sound,45
1534794000,2018-08-20 19:40:00,Pink_Panther,Miller's_Sound,49
1534794300,2018-08-20 19:45:00,Pink_Panther,Miller's_Sound,50
1534794600,2018-08-20 19:50:00,Pink_Panther,Miller's_Sound,50
1534794900,2018-08-20 19:55:00,Pink_Panther,Miller's_Sound,55
